28882
33453
58728
63503
65828
65828
75321
75321
76536
76536
134019
732530
744875
766609
773142
791570
819125
849030
866304
869957
871331
872578
880111
893016
894310
898673
935647
956019
959326
978895
980079
980932
981496
989573
990301
993413
996981
997907
1018070
75076696
75076696
75076719
75076719
80052487
80052487
070942122863
070942122863
076840003709
076840003709
0300652439259
0300652439259
382900147031
609963220915
631430106354
645760591483
0650240012730
0650240012730
703387016243
731509993110
748945122530
884486456380
2369300000003
3282770135442
3282770135442
3282770139167
3282770139167
3282770143935
3282770143935
3282770153460
3282770153460
3337871324001
3337871324001
3349668588732
3349668599127
3401399372575
3439600056655
3494800260042
3494802120030
3605972454652
3607342292192
3607346571071
3614223111404
3614229823783
4005808555321
4005808555321
4005808631322
4005808631322
4005900429643
4005900429643
4005900669261
4005900669261
4005900669278
4005900669278
4005900909794
4005900909794
4005900945693
4005900945693
4015630066834
5012909005647
5012909005647
5702150155511
5702150155511
5702191027068
5702191027068
6015045328389
6015045329317
6015102532506
6018610375535
6932159610608
7500435127257
7500435127257
7500435132435
7500435132435
7500435132794
7500435132794
7500435135771
7500435135771
7500435143189
7500435145152
7500435145152
7500435185011
7500435185011
7500435196987
7500435196987
7500435230964
7500435230964
7500435239196
7500435239196
7500435248068
7500435248068
7506306233362
7506306233362
7509546662619
7509546662619
7509546666990
7509546666990
7509546674841
7509546674841
7612412426007
7612412426007
7622300989316
7622300989316
7791293022567
7791293032481
7791293032481
7791293032498
7791293032498
7791293051550
7791293051550
7791293051598
7791293051598
7791293051659
7791293051659
7793481226009
7797325880884
7797942167443
7798447882657
7798448383146
7805090576144
7890001730128
7891008123975
7891008123975
7891010099725
7891010246952
7891010246952
7891010251031
7891010251031
7891010253288
7891010253288
7891010255923
7891010255923
7891010568764
7891010568764
7891010704490
7891010704490
7891010793463
7891010793463
7891010974312
7891010974312
7891024032732
7891024032732
7891024115800
7891024115800
7891024132647
7891024132647
7891025112655
7891025112655
7891025115649
7891033517503
7891033517503
7891033535040
7891033535040
7891033588381
7891033794997
7891037744509
7891037744509
7891045031493
7891045031493
7891058001643
7891058001643
7891058005672
7891058005672
7891058021702
7891058021702
7891058021948
7891058021948
7891058024314
7891058024314
7891066002380
7891066004209
7891066008665
7891142207593
7891142207593
7891142982384
7891142982384
7891150024793
7891150037489
7891150037489
7891150049895
7891150049895
7891150050242
7891150050242
7891150055193
7891150055193
7891150059788
7891150059788
7891150074484
7891150074484
7891150091467
7891150091467
7891150091788
7891150094406
7891150094406
7891150096240
7891150096240
7891150096318
7891150096318
7891150097957
7891150097957
7891150101586
7891150101586
7891151042147
7891151042147
7891182016292
7891182016292
7891182020091
7891182020091
7891317001100
7891317004606
7891317004606
7891317013608
7891317013608
7891317016128
7891317016128
7891317018122
7891317018122
7891317021702
7891317025571
7891317025571
7891317031169
7891317031169
7891317124236
7891317124236
7891317154721
7891317154721
7891317177683
7891317177683
7891317477271
7891317477271
7891317488727
7891317488727
7891350026627
7891350026627
7891350034066
7891350034066
7891350037043
7891350037043
7891350037807
7891350037807
7891350038613
7891350038613
7891350039405
7891350039405
7891548803450
7891721201837
7891721201837
7892828001405
7892828001405
7892840267940
7892840267940
7892840822385
7892840822385
7893454100647
7893454101644
7893454101644
7893454714813
7893454714813
7893454714868
7893454714868
7893595234171
7894164003679
7894164003679
7894164007356
7894164007356
7894222010731
7894222010731
7894650005712
7894650005712
7894650009567
7894650009567
7894650937730
7894650937730
7894900030013
7894900030013
7894916502856
7894916502856
7894916512015
7894916512015
7894916516648
7894916516648
7895446940408
7895750902536
7896000620668
7896000620668
7896000724731
7896001250628
7896001250628
7896004702223
7896004702223
7896004703565
7896004703565
7896004708454
7896004708454
7896004710433
7896004710433
7896004711508
7896004711508
7896004712147
7896004712147
7896004713366
7896004713366
7896004715278
7896004715278
7896004726694
7896004726694
7896004753317
7896004753317
7896004754949
7896004754949
7896004774237
7896004774237
7896004775043
7896004777184
7896004777184
7896004782249
7896004782249
7896004788968
7896004788968
7896004789446
7896004789446
7896004793917
7896004793917
7896004821436
7896004821436
7896006216827
7896006216827
7896006217626
7896006225010
7896006225010
7896006297352
7896006297352
7896007552818
7896007552818
7896007553303
7896007553303
7896009498459
7896009498459
7896009498497
7896009498497
7896012880210
7896012880210
7896012881439
7896012881439
7896013539148
7896013569800
7896015511166
7896015511166
7896015521646
7896015521646
7896015590932
7896015590932
7896015593216
7896015593216
7896016804915
7896016804915
7896018703629
7896020160052
7896020160052
7896023774874
7896025523432
7896026172370
7896026172370
7896026173001
7896026173001
7896026307031
7896026307031
7896044953562
7896044953562
7896049526150
7896049526150
7896061951619
7896061951619
7896061997402
7896061997402
7896070605497
7896070605497
7896083412198
7896083412198
7896083412631
7896083412631
7896094202047
7896094202047
7896094207493
7896094207493
7896094207745
7896094207745
7896094210134
7896094210837
7896094210837
7896094211704
7896094211704
7896094211858
7896094906594
7896094917781
7896094917781
7896094917798
7896094917798
7896094920644
7896094920644
7896094922396
7896094922396
7896094922525
7896094922525
7896094926066
7896094926066
7896094928763
7896094928763
7896111995341
7896112407881
7896112407881
7896112408567
7896112408567
7896112408888
7896112408888
7896112409267
7896112409267
7896181915041
7896181915041
7896181929178
7896181929178
7896212420209
7896212420209
7896222720221
7896222720221
7896255700276
7896255700276
7896255700283
7896255700283
7896261000117
7896261000117
7896306622854
7896306622854
7896311773466
7896331701661
7896331701661
7896331703443
7896331703443
7896331708790
7896331708790
7896342414123
7896342414123
7896342451548
7896342451548
7896342452187
7896342452187
7896342452651
7896342452651
7896342452866
7896380606337
7896382706721
7896382706721
7896382707681
7896382707681
7896422527453
7896422527453
7896436906367
7896436906367
7896512910844
7896512910844
7896512911001
7896512911858
7896512956347
7896512956347
7896523208763
7896523208763
7896548111987
7896548111987
7896609546741
7896637022729
7896637022729
7896637032216
7896637032216
7896637032513
7896637032513
7896637032575
7896637032575
7896641808432
7896641808432
7896641813399
7896641813399
7896641813627
7896641813627
7896658001079
7896658001079
7896658002687
7896658002687
7896658017704
7896658017704
7896658018800
7896658018800
7896658019005
7896658019005
7896658022944
7896658022944
7896658024191
7896658024191
7896658029707
7896658029707
7896658034695
7896658034695
7896658034787
7896658034787
7896658034947
7896658034947
7896658036347
7896658036347
7896658039430
7896658048166
7896658048166
7896671693909
7896671693909
7896676433180
7896676433180
7896676434323
7896714201498
7896714201498
7896714231204
7896714231204
7896714269870
7896714269870
7896714290874
7896714290874
7896714292151
7896714292151
7896714293257
7896714293257
7896768403015
7896770982256
7896770982256
7896770982393
7896770982393
7896770982683
7896770982683
7896798601894
7896902212596
7896978201340
7896978201340
7897076922380
7897076922380
7897104907181
7897104922986
7897133174677
7897316802861
7897316802861
7897337716437
7897337716567
7897337716567
7897411602205
7897411602205
7897517902469
7897517903411
7897595634238
7897595634238
7897595637505
7897595637505
7897595901323
7897595901323
7897595903372
7897595903372
7897975698294
7898000174318
7898040320997
7898040321253
7898040321253
7898040328788
7898040328788
7898040329129
7898040329129
7898040329167
7898040329167
7898040329464
7898040329464
7898050663398
7898074617612
7898074617612
7898079009559
7898079009559
7898087340385
7898087340385
7898100243808
7898100243808
7898101299439
7898126400872
7898130551034
7898146823804
7898146823804
7898157614163
7898158690395
7898158690395
7898215151708
7898215151708
7898216360727
7898270232848
7898290554500
7898335077278
7898336438290
7898352914921
7898380411164
7898405066126
7898405066126
7898414851911
7898414851911
7898416830105
7898430191893
7898430191893
7898430192586
7898430192586
7898430193439
7898430193439
7898430194559
7898430194559
7898494593992
7898495605908
7898495605908
7898495608329
7898495608329
7898519771732
7898522372087
7898549757119
7898549757119
7898567750055
7898567750055
7898574611387
7898574611387
7898591455025
7898591455025
7898593050792
7898593050792
7898593053014
7898593053014
7898600992541
7898606742898
7898623952737
7898625791631
7898629561230
7898632472776
7898635431961
7898636192144
7898636192144
7898640655437
7898641070222
7898641073414
7898656390254
7898661010680
7898665434475
7898667820337
7898687738223
7898687738223
7898715330139
7898717929645
7898717929645
7898734800064
7898734800064
7898739262409
7898747480314
7898747480314
7898747480338
7898747480338
7898906376663
7898907000109
7898923466750
7898942324406
7898942324406
7898944073517
7898946434125
7898946434125
7898947942285
7898952570008
7898952577694
7898962943045
7898962943045
7898965429218
7898965429263
7898966230813
7898966230813
7899026425958
7899026425958
7899095233805
7899095233805
7899111750231
7899420506932
7899420506932
7899468501333
7899547510928
7899547510928
7899572810192
7899572812271
7899598013478
7899706129602
7899706129602
7899706133432
7899706133432
7899706149211
7899706149211
7899706159173
7899706159333
7899706159333
7899706172127
7899706172127
7899706178273
7899706178273
7899706181631
7899706181754
7899706185769
7899706185769
7899706237932
7899706237932
7899706239189
7899824400386
7899824400386
7899838831992
7899838831992
7899852018140
7899852018140
7899852021102
7899852021102
7899902059871
7908020500384
7908020500384
7908026509572
7908079503879
7908079503879
7908079503923
7908079503923
7908079505484
7908079505484
7908079506795
7908079506795
7908079507297
7908079507297
7908079510068
7908079510068
7908079510099
7908079510099
7908079512161
7908079512161
7908079512314
7908079512314
7908079512444
7908079512444
7908079513427
7908079513427
7908079514073
7908079514073
7908079514493
7908079514493
7908079515186
7908079515186
7908079515377
7908079515377
7908134200453
7908236800322
7908236800322
7908236800629
7908238807749
7908238808968
7908414407381
7908414407381
7908414420830
7908414420830
7908458315390
7908458320608
7908458320608
7908615062471
7908615062471
7908615088105
7908615088105
7908622803982
7908733201769
7908733201769
7908825787324
7908825791550
7908885306770
7909463501761
8003670823537
8018365270756
8411061991886
8426017066372
8429420222397
8429420222397
8429420243385
8429420243385
8429420277984
8429420277984
8436026215517
8720689007160
8720689007160
8809253005198
8903855083049
8903855083049
9001616802935
9001616802935
9002490280901
9002490280901
9786526103814
9786526103814
9786526104385
9786526104385
9786526111567
9786526111567
9786555527308
9786555527308
