0000042355465
0000042389248
0011509031310
0048675991063
0048675991087
0048675991094
0070341071861
0070341071885
0070341386125
0079400500908
047400179240
048675991001
048675991056
070341071854
070341071878
070942003322
070942003513
071603003439
071603003453
071603005075
071603103009
071603531000
076660008625
076660008649
07908082303312
079400500205
3014260019723
3014260279264
3014260833176
3282770139235
3282770141481
3282770144475
3282770148817
3282770153477
3282770153507
3282770153835
3282770206036
3282770207217
3282770207699
3282770388596
3282770391435
3282770391466
3282779340298
3282779340847
3401353806399
3401365334248
3499320011655
3504105034405
3504105035624
3701129810224
3701129810705
3701129810767
3701129811283
4005800220012
4005808174478
4005808189625
4005808257584
4005808257669
4005808309436
4005808310999
4005808311286
4005808315697
4005808335435
4005808555345
4005808631322
4005808662388
4005808663927
4005808692576
4005808808281
4005808811717
4005808837311
4005808850617
4005808850839
4005808890590
4005808956401
4005900004956
4005900036667
4005900036704
4005900036728
4005900036759
4005900122186
4005900130785
4005900207296
4005900308719
4005900328472
4005900396938
4005900408891
4005900429643
4005900442659
4005900449559
4005900453259
4005900498205
4005900521897
4005900521910
4005900521934
4005900521972
4005900522016
4005900527073
4005900549266
4005900602220
4005900648419
4005900659712
4005900662019
4005900663993
4005900669285
4005900696823
4005900696830
4005900696847
4005900701367
4005900704337
4005900707536
4005900707543
4005900715814
4005900779458
4005900807854
4005900810885
4005900889713
4005900916129
4005900919625
4005900921567
4005900921574
4005900921598
4005900929679
4005900929686
4005900937520
4005900940759
4005900950918
4005900950925
4005900950987
4005900980397
4005900995544
4006000015361
4006000045498
4006000136776
4006000136783
4015400763697
42110200
42176763
42277217
42360407
42360414
42398004
5900273001566
602883999619
618341019089
650240012730
6700559144272
6900000042816
6902408414042
6920354824395
6932159606243
6932159606267
6932159607165
6932159607240
6932159607257
6932159608858
6932159608889
6932159608919
6932159608933
6932159608964
6932159609039
6932159609374
6932159610608
6932159610615
6932159610622
6932159610639
6932159610646
6932159610868
6932159610875
6932159610899
6972497851707
6972858362002
6973094271325
6973094271332
6973094271370
6973094271387
6973094271424
6973094271431
6973094272001
745760064915
7500435011297
7500435014359
7500435017046
7500435020442
7500435024594
7500435106610
7500435106627
7500435106634
7500435106641
7500435106658
7500435106665
7500435106672
7500435107754
7500435107761
7500435113823
7500435116305
7500435118507
7500435118583
7500435125307
7500435125376
7500435125383
7500435125390
7500435125406
7500435125413
7500435125420
7500435125451
7500435125482
7500435126199
7500435127233
7500435127240
7500435127417
7500435128346
7500435128742
7500435128933
7500435128940
7500435129367
7500435129374
7500435132534
7500435132602
7500435132718
7500435132725
7500435132732
7500435132749
7500435136952
7500435141536
7500435142168
7500435142229
7500435142236
7500435142243
7500435143875
7500435145244
7500435154222
7500435154239
7500435154260
7500435154277
7500435154291
7500435154307
7500435154437
7500435154772
7500435157476
7500435158077
7500435169370
7500435170024
7500435172578
7500435181297
7500435190633
7500435196970
7500435196994
7500435197014
7500435200301
7500435204415
7500435204422
7500435226943
7500435226950
7500435232777
7500435232784
7500435232807
7500435232814
7500435232944
7500435233644
7500435239417
7500435240512
7500435244671
7500435248136
7500435248174
7500435248181
7501001100285
7501001109653
7501001109660
7501001165246
7501001165253
7501001165321
7501006707687
7501006721133
7501006721317
7501007413105
7501007457789
7501007457796
75058845
75058852
7506195129104
7506195142035
7506195167281
7506195167304
75062835
7506306214972
7506306214989
7506306233362
7506306241169
7506306241176
7506306241183
7506306244177
7506306244184
7506309840581
7506309841816
7506309841823
7506309865393
7506309889375
7506309889399
7506339325249
7506339394603
7506339397765
75076696
75076702
75076719
75076818
75076825
75076870
75082833
75082864
7509546055169
7509546061689
7509546065465
7509546068558
7509546069593
7509546651040
7509546653587
7509546654027
7509546656465
7509546656670
7509546660561
7509546661353
7509546662022
7509546665047
7509546666990
7509546669205
7509546671550
7509546672304
7509546673189
7509546673202
7509546673226
7509546674438
7509546676425
7509546679075
7509546679525
7509546679532
7509546692043
7509546692050
7509546696058
7509552917413
7509552917420
7591083011081
7612412156003
7612412396003
7612412422429
7612412423037
7612412428964
7612412546002
7612412700077
7702010130755
7702018001071
7702018037803
7702018037865
7702018072392
7702018874729
7702018880409
7702018983872
7702031244646
7702031244653
7702031310914
7702035833792
7702035833808
7791293004976
7791293005010
7791293012087
7791293014838
7791293022567
7791293022581
7791293022598
7791293022635
7791293022819
7791293025537
7791293025780
7791293025797
7791293028781
7791293032368
7791293032436
7791293032443
7791293032467
7791293032481
7791293032498
7791293033235
7791293033242
7791293033266
7791293034973
7791293038254
7791293038261
7791293051550
7791293051574
7791293051581
7791293051628
7791293051635
7791293051659
7791293051666
7791969016012
7791969016029
7791969016036
7791969029807
7793100111143
7793100130243
7793100151224
7798140253358
78906617
7890704810738
7890704851335
78907850
78907874
7891010005757
7891010020279
7891010026264
7891010030094
7891010030391
7891010030889
7891010031350
7891010031633
7891010032906
7891010032937
7891010035631
7891010035976
7891010038892
7891010038908
7891010038915
7891010039783
7891010042950
7891010043469
7891010043476
7891010047184
7891010087722
7891010087807
7891010096496
7891010099725
7891010244361
7891010245085
7891010245092
7891010245238
7891010245597
7891010245603
7891010245610
7891010248178
7891010249106
7891010250799
7891010250997
7891010251055
7891010253196
7891010253202
7891010253257
7891010253288
7891010253523
7891010253561
7891010253752
7891010253769
7891010253790
7891010253806
7891010253813
7891010253899
7891010253905
7891010253929
7891010253936
7891010254025
7891010254155
7891010254957
7891010254964
7891010255046
7891010255138
7891010255954
7891010256050
7891010256098
7891010256746
7891010256784
7891010256791
7891010256807
7891010256814
7891010256883
7891010256920
7891010501105
7891010503031
7891010503505
7891010506513
7891010514846
7891010518844
7891010521448
7891010560737
7891010560812
7891010568757
7891010568764
7891010576509
7891010579265
7891010579289
7891010591007
7891010591038
7891010601171
7891010604349
7891010607135
7891010618780
7891010694593
7891010697266
7891010704780
7891010781668
7891010793463
7891010795542
7891010800048
7891010870713
7891010870744
7891010871031
7891010875596
7891010875640
7891010877613
7891010878016
7891010882983
7891010917715
7891010925543
7891010926960
7891010972226
7891010973902
7891010974312
7891010987787
7891024008799
7891024013540
7891024021590
7891024021606
7891024021668
7891024026434
7891024027257
7891024027622
7891024027998
7891024028018
7891024028353
7891024028704
7891024028834
7891024028995
7891024030806
7891024030813
7891024030820
7891024033425
7891024035047
7891024035078
7891024035191
7891024035504
7891024035511
7891024035528
7891024035535
7891024038819
7891024040560
7891024041611
7891024041628
7891024042113
7891024042229
7891024073001
7891024100431
7891024112861
7891024114674
7891024114865
7891024115848
7891024116128
7891024116319
7891024124628
7891024130728
7891024132005
7891024132647
7891024134610
7891024134702
7891024136201
7891024136300
7891024136409
7891024174135
7891024174630
7891024174685
7891024179925
7891024183007
7891024183021
7891024183182
7891024184608
7891024186244
7891033016419
7891033016440
7891033070664
7891033072347
7891033198160
7891033471713
7891033471751
7891033471768
7891033471775
7891033471782
7891033473649
7891033519330
7891033519354
7891033530946
7891033530953
7891033530960
7891033534289
7891033534302
7891033534333
7891033534357
7891033534364
7891033534395
7891033534401
7891033534418
7891033534623
7891033534654
7891033534685
7891033534708
7891033534715
7891033534722
7891033534999
7891033535002
7891033535019
7891033535026
7891033535033
7891033535040
7891033535057
7891033535064
7891033535194
7891033535200
7891033535217
7891033545957
7891033554881
7891033557646
7891033558025
7891033558032
7891033558049
7891033558056
7891033570768
7891033581191
7891033581207
7891033581214
7891033581221
7891033583072
7891033583089
7891033583102
7891033583119
7891033583126
7891033857555
7891033857562
7891033925582
7891033925605
7891033930470
7891033931033
7891033931040
7891033931057
7891033931316
7891035000898
7891035024894
7891035617959
7891035912405
7891035990441
7891035990489
7891035990496
7891035990861
7891037000322
7891037010048
7891037144705
7891037645653
7891037744509
7891040001187
7891051026773
7891051028791
7891051037014
7891055523711
7891055539217
7891055539408
7891055631003
7891055633908
7891055637227
7891055637722
7891055637821
7891055637920
7891055803509
7891055816097
7891060679724
7891060679731
7891060738223
7891060758061
7891060773071
7891060825381
7891060855777
7891060943443
7891060969504
7891060969771
7891106907286
7891106908221
7891106908870
7891106910248
7891106911733
7891106912167
7891106913522
7891106915052
7891106915182
7891106915878
7891134001963
7891134003790
7891134006524
7891142200235
7891150001077
7891150001183
7891150001268
7891150007406
7891150008151
7891150008168
7891150008816
7891150008953
7891150014107
7891150017337
7891150017368
7891150017375
7891150019416
7891150019508
7891150019560
7891150021662
7891150024793
7891150024816
7891150024823
7891150025929
7891150025967
7891150025981
7891150026025
7891150027541
7891150034075
7891150034952
7891150035874
7891150036390
7891150037250
7891150037328
7891150037366
7891150037397
7891150037458
7891150037465
7891150037472
7891150037489
7891150037519
7891150037526
7891150037540
7891150037564
7891150037588
7891150037595
7891150043237
7891150043923
7891150044555
7891150044616
7891150044647
7891150045316
7891150045347
7891150049871
7891150049888
7891150049895
7891150050082
7891150050105
7891150050112
7891150050143
7891150053229
7891150054448
7891150054455
7891150054462
7891150054479
7891150054646
7891150054653
7891150055162
7891150055193
7891150055698
7891150055704
7891150055872
7891150056572
7891150056589
7891150057470
7891150059849
7891150059856
7891150059870
7891150059887
7891150059900
7891150059917
7891150059924
7891150060142
7891150060159
7891150060197
7891150060210
7891150060227
7891150060234
7891150060241
7891150060289
7891150060722
7891150060883
7891150062528
7891150063075
7891150063440
7891150064300
7891150064737
7891150065291
7891150065307
7891150065314
7891150065321
7891150065338
7891150066816
7891150067516
7891150068728
7891150068735
7891150068926
7891150069602
7891150070363
7891150073081
7891150073098
7891150074484
7891150074491
7891150075238
7891150075283
7891150075306
7891150075405
7891150076051
7891150079199
7891150079229
7891150080096
7891150080102
7891150080119
7891150080744
7891150080768
7891150080966
7891150080973
7891150081048
7891150081062
7891150081215
7891150081222
7891150081239
7891150081246
7891150081253
7891150081260
7891150081277
7891150081284
7891150081291
7891150081307
7891150081314
7891150081321
7891150082786
7891150083127
7891150083264
7891150083462
7891150083561
7891150083585
7891150083592
7891150083608
7891150083615
7891150083639
7891150083653
7891150084483
7891150084490
7891150084506
7891150086975
7891150087286
7891150087293
7891150088238
7891150088351
7891150088368
7891150088375
7891150088399
7891150088474
7891150088573
7891150089952
7891150089983
7891150091276
7891150091429
7891150091436
7891150091467
7891150091474
7891150093256
7891150093263
7891150094345
7891150094406
7891150094741
7891150094918
7891150094932
7891150094949
7891150095250
7891150095267
7891150095304
7891150095533
7891150095540
7891150095557
7891150095564
7891150095571
7891150095588
7891150095595
7891150095601
7891150095618
7891150095632
7891150095694
7891150095786
7891150095793
7891150095809
7891150095823
7891150095830
7891150095861
7891150095878
7891150095915
7891150095922
7891150096257
7891150096288
7891150096301
7891150096783
7891150097339
7891150097353
7891150097377
7891150097384
7891150097643
7891150099784
7891150099821
7891150099838
7891150099845
7891150099852
7891150099883
7891150099982
7891150101579
7891150101586
7891150101593
7891150101616
7891150101661
7891150101678
7891150101685
7891150101692
7891150101715
7891150101753
7891150101760
7891150102835
7891150102859
7891172171666
7891177081014
7891177081168
7891182015127
7891182016223
7891182016230
7891182016247
7891182016254
7891182016278
7891182016285
7891182016292
7891182016315
7891182016339
7891182016346
7891182016360
7891182016377
7891182016407
7891182016476
7891182016490
7891182016513
7891182016612
7891182016711
7891182016773
7891182016841
7891182016858
7891182016865
7891182035941
7891182820028
7891268400014
7891268400076
7891350000115
7891350002409
7891350011043
7891350011623
7891350026627
7891350032680
7891350032741
7891350032857
7891350032970
7891350034615
7891350034622
7891350034639
7891350034646
7891350034844
7891350034868
7891350034929
7891350034943
7891350034950
7891350037456
7891350037791
7891350037807
7891350038057
7891350038101
7891350038613
7891350038620
7891350039726
7891350039955
7891350039979
7891350039993
7891350040005
7891350040029
7891350040036
7891350042535
7891350042559
7891350042566
7891350042573
7891350042818
7891350042832
7891350043020
7891350043051
7891350043075
7891350044867
7891350044874
7891350044881
7891350044898
7891350044904
7891350044942
7891350045239
7891350045246
7891350045253
7891350045260
7891350045277
7891350045291
7891350045307
7891426311299
78914940
78914957
7891528038025
7891528038810
7891528038827
7891528038834
7891653010507
7891653014024
7891653014062
7891800332629
7891800346022
7891800346053
7891800647341
7891800648539
78922686
78922693
78923454
78924338
78924468
78924529
78925472
78926523
78929395
7892940000010
7892940000034
7893300521022
7893300521084
7893300521145
7893300521169
78933354
78938625
7894222020488
7894222020501
7894222020648
7894222021799
7894222021805
7894222021812
7894222021829
7894222021836
7894222021843
7894222021867
7894222021881
7894222022017
7894222022024
7894222022031
7894222022048
7894222022055
7894222022215
7894222022222
7894222022239
7894222022246
7894222027616
7894222027760
7894222027791
7894222027807
7894222027821
7894222027838
7894222027845
7894222028842
7894222028866
7894222028880
7894222028897
7894222028903
7894222029658
7894222029665
7894222029672
7894222029689
7894222029696
7894222029757
7894222029764
7894222029771
7894222029801
7894222030050
7894222030067
7894222031163
7894222036175
7894222036182
7894222036311
7894222037721
7894222037738
7894222037745
7894222037752
7894222037769
7894222039220
7894222039237
7894222039244
7894222039671
7894222039688
7894222039695
7894222040677
7894222040684
7894222040691
7894222041155
7894222041339
7894222041353
78944725
7894650005712
7894650009567
7894650009598
7894650010747
7894650013373
7894650130117
7894650938751
7894650938898
7894650940006
7894650940068
7896000705921
7896000705938
7896000705945
7896000705952
7896000705969
7896000705976
7896000705983
7896000705990
7896000706010
7896000706027
7896000706034
7896000706058
7896000706065
7896000706072
7896000706133
7896000706164
7896000712738
7896000716781
7896000716804
7896000716866
7896000717436
7896000717658
7896000722522
7896000722553
7896000724748
7896000724953
7896000727510
7896000727527
7896000727534
7896004790633
7896004790657
7896006219743
7896007200030
7896007200344
7896007200351
7896007200368
7896007200399
7896007200863
7896007200887
7896007201259
7896007201358
7896007201662
7896007202096
7896007540259
7896007540600
7896007540617
7896007540624
7896007540631
7896007540662
7896007541850
7896007541867
7896007541874
7896007541959
7896007542437
7896007542482
7896007542499
7896007542857
7896007542864
7896007542871
7896007544042
7896007544059
7896007545094
7896007545100
7896007547128
7896007547173
7896007547203
7896007547210
7896007547982
7896007548361
7896007548378
7896007548392
7896007548408
7896007548415
7896007548422
7896007548439
7896007548507
7896007548514
7896007549252
7896007549269
7896007549276
7896007549382
7896007549672
7896007549689
7896007549696
7896007549702
7896007550043
7896007550463
7896007550807
7896007550814
7896007550883
7896007550890
7896007550906
7896007551088
7896007551095
7896007551293
7896007551309
7896007551323
7896007551736
7896007551743
7896007552016
7896007552443
7896007552450
7896007552467
7896007552498
7896007552801
7896007552825
7896007552849
7896007553723
7896007553730
7896009400049
7896009400148
7896009419324
7896009490651
7896009498107
7896009498268
7896009498275
7896010175608
7896012800669
7896012800874
7896012801871
7896012801888
7896012801895
7896012877722
7896012878484
7896012878491
7896012878507
7896012879962
7896012879979
7896012879986
7896012879993
7896012880005
7896012880159
7896012880166
7896012880173
7896012880180
7896012880197
7896013501459
7896013501824
7896013501848
7896013502791
7896013502906
7896013502951
7896013511656
7896013547808
7896013548454
7896013551447
7896013555681
7896013562290
7896013562924
7896013562948
7896013567097
7896014123902
7896014140435
7896014140442
7896014140459
7896014140480
7896014140503
7896014140527
7896014140534
7896014140558
7896014140589
7896014140596
7896014140633
7896014168132
7896014182480
7896014183043
7896014183050
7896014183067
7896014183081
7896014183098
7896014183104
7896014183111
7896014183135
7896014183166
7896014183210
7896015519223
7896015519636
7896015525804
7896015526252
7896015527440
7896015528300
7896015528577
7896015528706
7896015530082
7896015530181
7896015591007
7896015591106
7896015591427
7896015591786
7896015592721
7896018700314
7896018700338
7896018700369
7896018700383
7896018700536
7896018700604
7896018700659
7896018700710
7896018700741
7896018700789
7896018702981
7896018704152
7896018704916
7896018750807
7896018750814
7896018750838
7896018750845
7896018750852
7896018750869
7896018750876
7896018750883
7896018750968
7896020160052
7896020160069
7896020160076
7896020160083
7896020160151
7896020160168
7896020161721
7896020161738
7896020162452
7896020162674
7896020162698
7896020162704
7896020162711
7896020162728
7896020162735
7896020162742
7896020162766
7896020162780
7896020162797
7896020162803
7896020162810
7896020162902
7896020162964
7896020163091
7896020163114
7896020163558
7896020163565
7896020163572
7896020163701
7896020164135
7896020164142
7896020164166
7896020164173
7896020164197
7896020164203
7896020164234
7896025505629
7896025514911
7896025532038
7896033201797
7896033202756
7896033202992
7896033203005
7896033203388
7896033204309
7896033204446
7896033204538
7896033204545
7896033204651
7896033211659
7896033211963
7896033211970
7896033212236
7896033212410
7896033212441
7896033212472
7896033212779
7896033212953
7896033212977
7896033221016
7896033221023
7896033221245
7896033221252
7896033231084
7896033231619
7896033231626
7896033232289
7896033232296
7896033232678
7896033233767
7896033233941
7896033233996
7896033234009
7896033234047
7896033240628
7896033241076
7896033241151
7896033241410
7896033241847
7896033243117
7896033251013
7896033251051
7896033251631
7896033251730
7896033251747
7896033261418
7896033290272
7896033290289
7896033290463
7896033293815
7896036512715
7896036512753
7896036512821
7896036512869
7896036514719
7896036516119
7896036516225
7896036520147
7896036520512
7896036520611
7896036520727
7896036521014
7896036521021
7896036521120
7896036521519
7896036522622
7896036526217
7896036526224
7896036526316
7896036526446
7896036526545
7896036527320
7896036528013
7896036540022
7896036540046
7896036540510
7896036540527
7896036540541
7896036540619
7896036541111
7896036541319
7896036541326
7896036542217
7896036542415
7896036543627
7896036543719
7896036543726
7896036546727
7896036546819
7896036547120
7896036547212
7896036547847
7896036548172
7896036548189
7896036548240
7896036548264
7896036548271
7896036548288
7896036548516
7896036548547
7896036548561
7896036548615
7896036548660
7896036548714
7896036548806
7896036548820
7896036548875
7896036570036
7896036570043
7896036570173
7896036571415
7896036571422
7896036572511
7896036572528
7896036573167
7896036575215
7896036576618
7896036576625
7896036577011
7896036577028
7896044900122
7896044900511
7896044900528
7896044900573
7896044900580
7896044936916
7896044952794
7896044952817
7896044953500
7896044953562
7896044954521
7896044954538
7896044954552
7896044960058
7896044996828
7896044997191
7896044997207
7896044997276
7896044997580
7896044998730
7896044999614
7896046700331
7896046702007
7896046702878
7896046702922
7896046703004
7896046703332
7896046704001
7896046705008
7896046710781
7896046714352
7896049504714
7896049508736
7896049509924
7896049509931
7896049509948
7896049509955
7896049526150
7896049526167
7896049526174
7896049526211
7896049528505
7896049528512
7896049528567
7896061951428
7896061951619
7896061954047
7896061995460
7896061995477
7896061995903
7896061995910
7896061995927
7896061996351
7896061996375
7896061996603
7896061996610
7896061996627
7896061996832
7896061996849
7896075701477
7896075707219
7896075709053
7896075709343
7896075709879
7896075709947
7896075709992
7896075711001
7896075757474
7896082900054
7896082900351
7896085863486
7896085871375
7896085871474
7896092000010
7896092000041
7896092000126
7896092002076
7896092002083
7896092002106
7896093013507
7896094208537
7896094208728
7896094208773
7896094211834
7896094211865
7896094211889
7896094905634
7896108560347
7896108560415
7896110700014
7896110700052
7896111901151
7896111901168
7896111901175
7896111901182
7896111901199
7896111901205
7896111901229
7896111901571
7896111901595
7896111901601
7896111901618
7896111901625
7896111901632
7896111901649
7896111901656
7896111901991
7896111902004
7896111902011
7896111902035
7896111902042
7896111902059
7896111902066
7896111902073
7896111902820
7896111902837
7896111902844
7896111902851
7896111902875
7896111903063
7896111903070
7896111913611
7896111919477
7896111954478
7896111971888
7896111972038
7896111987247
7896111987360
7896111992326
7896111992364
7896111992692
7896111992777
7896111992937
7896111993019
7896111993743
7896111994313
7896111995303
7896111997130
7896111997147
7896111997154
7896111997161
7896111997178
7896111997185
7896111997192
7896111997208
7896111997215
7896111997222
7896111997406
7896111998007
7896111998021
7896111998038
7896111998052
7896111998397
7896111998403
7896111998410
7896111998427
7896111998946
7896111998984
7896111999066
7896111999141
7896111999189
7896111999226
7896111999516
7896111999523
7896111999530
7896111999547
7896111999554
7896111999721
7896111999738
7896111999745
7896111999752
7896111999769
7896111999776
7896111999783
7896111999790
7896111999806
7896111999813
7896114312756
7896114312763
7896114312787
7896114312817
7896114312862
7896114312879
7896114312886
7896114312916
7896114312923
7896114312930
7896114312947
7896114312954
7896114312992
7896114313074
7896114313104
7896114313111
7896114313135
7896114313142
7896114313159
7896114313180
7896115700019
7896115700026
7896115700040
7896115700187
7896115700194
7896115702020
7896115702785
7896115703560
7896115703577
7896115703720
7896115704086
7896115704093
7896115704123
7896115704321
7896115704345
7896115704444
7896115704475
7896115704567
7896115705496
7896115705502
7896150001409
7896150001751
7896150002574
7896150012801
7896213306076
7896214000027
7896214000126
7896214002083
7896222716279
7896222716453
7896222717177
7896222717207
7896222717788
7896222717948
7896222718334
7896222718846
7896222718860
7896222720009
7896222720030
7896222720078
7896222720528
7896222720764
7896222721068
7896222721075
7896235353256
7896235353270
7896235353287
7896235353300
7896235353904
7896235353911
7896235353935
7896235354017
7896235354055
7896235354062
7896235354079
7896235354147
7896235354161
7896235354178
7896235354215
7896235354222
7896235354291
7896235354307
7896279100823
7896279100946
7896279101646
7896279102650
7896279102971
7896279103787
7896279103879
7896279104135
7896279110037
7896279112871
7896279114028
7896279114035
7896279114042
7896279126939
7896279126946
7896279126953
7896279126960
7896279126977
7896279126984
7896279127172
7896331703832
7896331705140
7896369126016
7896369126115
7896369126610
7896369126719
7896369162380
7896369163813
7896509954943
7896509954950
7896509954981
7896509955025
7896509955032
7896509955049
7896509955056
7896509955087
7896509955117
7896509955124
7896509955131
7896509955186
7896509955193
7896509955223
7896509955285
7896509955322
7896509955384
7896509973692
7896509974521
7896509974903
7896509975719
7896512900043
7896512900166
7896512902504
7896512904089
7896512904126
7896512904621
7896512905222
7896512905420
7896512909190
7896512909732
7896512909770
7896512909787
7896512909794
7896512911858
7896512911865
7896512911933
7896512911940
7896512914231
7896512922373
7896512928122
7896512936622
7896512937919
7896512937940
7896512939593
7896512941923
7896512941947
7896512949417
7896512959836
7896523201498
7896523206790
7896523208282
7896523210582
7896523221724
7896641810510
7896647014219
7896647072127
7896647072134
7896647077047
7896647089675
7896671601072
7896699011099
7896699011648
7896699019989
7896770979881
7896770980979
7896788010125
7896788030123
7896806700014
7896806700021
7896806700038
7896877601449
7896877601456
7896877601463
7896877602590
7896877602606
7896877602613
7896877602880
7896877602897
7896877602903
7896877602910
7896877602927
7896902200494
7896902200593
7896902200623
7896902200692
7896902201255
7896902204942
7896902205147
7896902205246
7896902205390
7896902205956
7896902206298
7896902206540
7896902207042
7896902207097
7896902207127
7896902208209
7896902208278
7896902208469
7896902209107
7896902209114
7896902209138
7896902209176
7896902209800
7896902209824
7896902210325
7896902210332
7896902211902
7896902212244
7896902212251
7896902212558
7896902212596
7896902213043
7896902213074
7896902213081
7896902213098
7896902214231
7896902214866
7896902215740
7896902215788
7896902217003
7896902217416
7896902218277
7896902218406
7896902240148
7896902285286
7896902285514
7896902285521
7896902285552
7896902285569
7896902285743
7896902286825
7896902286917
7896902287099
7896902287532
7897042004904
7897042004966
7897042005048
7897042006021
7897042007066
7897042007226
7897042008407
7897042010721
7897042010974
7897042012329
7897042012473
7897042012725
7897042012732
7897042012800
7897042013746
7897042013838
7897042014026
7897042015269
7897042015429
7897042015450
7897042015801
7897042015818
7897042015849
7897042015856
7897042015894
7897042015962
7897042016419
7897042019304
7897042019311
7897042019328
7897042019335
7897042019342
7897042019359
7897144661289
7897144661296
7897144661302
7897158700196
7897158700219
7897158700226
7897158717699
7897169200630
7897169200685
7897169202597
7897169204041
7897169204058
7897169205901
7897169207714
7897169210813
7897169236868
7897211100086
7897211100192
7897211100208
7897211100246
7897211100406
7897211100437
7897211100482
7897230302751
7897230304960
7897230304977
7897517903190
7897517903503
7897517903633
7897517903701
7897517903732
7897517903916
7897517903947
7897517904173
7897517904180
7897517904227
7897517904234
7897517917500
7897517917517
7897517917531
7897517917586
7897517917616
7897517919900
7897517919931
7897517920043
7897517920098
7897517920173
7897517920180
7897517920418
7897517920425
7897517920432
7897517920449
7897517920838
7897517920876
7897517920920
7897517921057
7897517921064
7897517921071
7897517921095
7897517921101
7897517925314
7897517925321
7897517925406
7897517925512
7897517925529
7897517925543
7897517925635
7897517925642
7897517925666
7897517928520
7897517932459
7897595901859
7897595901866
7897595903914
7897664169791
7897840305401
7897840305418
7897840305425
7897840305432
7897840305487
7897840305609
7897840305951
7897840305968
7897840305975
7897840306002
7897930750043
7897930762176
7897930762213
7897930763005
7897930777743
7897930777798
7897930778320
7897947600348
7897947600843
7897947601437
7897947601857
7897947601864
7897947604384
7897947615397
7897947616882
7897947617476
7897947617568
7897947617803
7897947617940
7897947619579
7897947619586
7897947619593
7897947620421
7897947620445
7897947620490
7897947620506
7897947620513
7897947620551
7897947620735
7897947620766
7897947620773
7897947621176
7898009430149
7898009431276
7898009434604
7898009437353
7898009439845
7898029550063
7898039563732
7898039566467
7898039566481
7898039566498
7898040324438
7898040326463
7898040328412
7898079000136
7898079000143
7898079000150
7898079000235
7898079000310
7898079000334
7898079000419
7898079000433
7898079000440
7898079000495
7898079000549
7898079000563
7898079000938
7898079001355
7898079001386
7898079001416
7898079002864
7898079002956
7898079002963
7898079003106
7898079003120
7898079003144
7898079005728
7898079006770
7898085943847
7898085945049
7898157614651
7898157616242
7898157616266
7898157616273
7898157616419
7898185410621
7898185413196
7898185413288
7898185413714
7898185413738
7898185414049
7898185415176
7898185415183
7898185416203
7898185416210
7898185416227
7898185416364
7898197415584
7898211380775
7898211382076
7898212280197
7898212280203
7898212280661
7898212282603
7898212286922
7898302722026
7898302722071
7898302722095
7898302722118
7898302722125
7898302722415
7898302722439
7898302722507
7898302722552
7898302727526
7898392800055
7898392800161
7898392800178
7898392800277
7898416830082
7898416830099
7898416830136
7898416830464
7898416830471
7898416830495
7898416830518
7898416830549
7898422746216
7898422746759
7898422746827
7898489511086
7898506250097
7898506256204
7898506256945
7898523201973
7898523201980
7898523201997
7898523202000
7898523202048
7898523202147
7898523202239
7898524341715
7898524344365
7898524345096
7898524346246
7898524347939
7898524347946
7898524348493
7898524348509
7898524348516
7898524348523
7898524348745
7898524349155
7898524349216
7898524349223
7898524349230
7898524349261
7898524349438
7898549756617
7898549756624
7898549756631
7898556850612
7898556850667
7898582290161
7898583470500
7898587762564
7898587774314
7898587774338
7898587774475
7898589684253
7898589684277
7898589684321
7898589684390
7898589684406
7898589684482
7898589684536
7898589684543
7898589684550
7898589684598
7898589684604
7898589684611
7898589684840
7898589684901
7898589684949
7898608560698
7898610370063
7898610370070
7898610370087
7898610370094
7898610370117
7898610370124
7898610370902
7898610370933
7898610371015
7898610371367
7898610371374
7898610371381
7898610371398
7898610371411
7898610371442
7898610371473
7898610371503
7898610371527
7898610371534
7898610372357
7898610372449
7898610372579
7898610372586
7898610372593
7898610372616
7898610372623
7898610372982
7898610373002
7898610373019
7898610373033
7898610373200
7898610373217
7898610373422
7898610373453
7898610373460
7898610373507
7898610373941
7898610373958
7898610373972
7898610373989
7898610373996
7898610374009
7898610374061
7898610374115
7898610374122
7898610374139
7898610374153
7898610374160
7898610374177
7898610375037
7898610375051
7898610375068
7898610375075
7898610375082
7898610375099
7898610375105
7898610375129
7898610375150
7898610375174
7898610375198
7898610375235
7898610375242
7898610375259
7898610375266
7898610375273
7898610375310
7898610375334
7898610375341
7898610375358
7898610375402
7898610375433
7898610375457
7898610375464
7898610375488
7898610375495
7898610375525
7898610375532
7898610375563
7898610375969
7898610375976
7898610375983
7898610376003
7898610376010
7898610376027
7898610376034
7898610376041
7898610376393
7898610376829
7898610377284
7898610377291
7898610377307
7898610377314
7898610377321
7898610377338
7898610377345
7898610377352
7898610377369
7898610377574
7898610377581
7898610377598
7898610377604
7898610377611
7898610377628
7898610377635
7898610377642
7898610377833
7898610377871
7898610377888
7898610377895
7898610377901
7898610377918
7898610377925
7898610377932
7898610377949
7898610377956
7898610378045
7898623950023
7898623950047
7898623951099
7898623951167
7898623951174
7898623951198
7898623951525
7898623951716
7898623951938
7898623952324
7898623952393
7898623952416
7898623952430
7898623952652
7898623952676
7898623952713
7898623952737
7898623953222
7898623953536
7898623954304
7898623955561
7898623956193
7898623956209
7898623956711
7898623956773
7898623956797
7898623956902
7898623956926
7898623957350
7898629148073
7898629148677
7898629148790
7898632470086
7898632470116
7898632470628
7898632470864
7898632471205
7898632472578
7898632472592
7898632472677
7898632472691
7898632472776
7898632472813
7898632472820
7898632472837
7898632473018
7898632473025
7898632473070
7898632473087
7898632473155
7898632473278
7898632473292
7898632474701
7898632474725
7898632474732
7898632475074
7898632475111
7898632475159
7898636190027
7898636190515
7898636190584
7898636190706
7898636190874
7898636190928
7898636191048
7898636191345
7898636191802
7898636192441
7898636192458
7898636192489
7898636193103
7898636194056
7898647920101
7898647920163
7898647920170
7898647920187
7898647920231
7898647920286
7898647920330
7898647920361
7898647920408
7898647920415
7898647920422
7898647920446
7898647920477
7898647920491
7898647920514
7898647920521
7898647920545
7898647920552
7898647920569
7898647920576
7898647920705
7898647920712
7898647920750
7898647920767
7898647920804
7898647920811
7898647920880
7898647920897
7898647920910
7898647921085
7898647921122
7898647921139
7898647921504
7898647921535
7898647921542
7898647921641
7898647921764
7898647921795
7898647921870
7898647921917
7898647921924
7898647921931
7898647921948
7898647922051
7898647922266
7898647922280
7898647922297
7898647922624
7898647922655
7898647922730
7898647922747
7898647922822
7898647923201
7898647923799
7898647923850
7898647924154
7898647924161
7898647924208
7898647924222
7898647924253
7898647924260
7898647924321
7898647924338
7898647924345
7898647924369
7898647925779
7898647925885
7898647925922
7898647925991
7898647926097
7898647926110
7898647927537
7898647927568
7898647927599
7898647927650
7898647927667
7898647927674
7898647928695
7898647928879
7898662430418
7898662430463
7898662430470
7898662430487
7898662430500
7898662430746
7898662430807
7898662430852
7898662430920
7898662431002
7898662431057
7898662435093
7898662435123
7898662435147
7898664976693
7898664976709
7898664976716
7898664976723
7898664976747
7898671424361
7898671424422
7898671424774
7898671424804
7898671424811
7898671424941
7898671428765
7898671428789
7898671428925
7898671428932
7898674960088
7898760140011
7898903991524
7898911309212
7898911309557
7898911309588
7898912665126
7898919411900
7898919412280
7898919412297
7898919412303
7898919412334
7898919412341
7898919412372
7898924602904
7898924603819
7898924603826
7898924603949
7898924603956
7898940257256
7898940257638
7898940257676
7898940257690
7898940257713
7898940257850
7898944073012
7898944073036
7898944073043
7898944073067
7898944073166
7898944073210
7898944073241
7898944073265
7898944073272
7898944073296
7898944073395
7898944073401
7898944073418
7898944073494
7898944073951
7898944074477
7898944074484
7898944075238
7898944075245
7898944075252
7898949409533
7898949409540
7898949409625
7898949409632
7898949409717
7898949409724
7898949409731
7898949409762
7898949409847
7898949409922
7898949409939
7898951285521
7898951285590
7898952774109
7898953484274
7898953484335
7898958060039
7898958060121
7898958060169
7898958060404
7898958060466
7898958060527
7898958060640
7898958060749
7898958060824
7898958060848
7898958060879
7898958060893
7898958060930
7898958060992
7898959897238
7898965666446
7898965666644
7898968070226
7898974215024
7898976443005
7898976443012
7898994336112
7898994532934
7898994532972
7899026400559
7899026400566
7899026401723
7899026401730
7899026401747
7899026408210
7899026408340
7899026410152
7899026413658
7899026414464
7899026414518
7899026415355
7899026417267
7899026417885
7899026420571
7899026420595
7899026421257
7899026422315
7899026423329
7899026456020
7899026456051
7899026457645
7899026459649
7899026478909
7899026487222
7899525674970
7899536102653
7899536102660
7899575706508
7899583200104
7899583200371
7899583200982
7899583201101
7899583202917
7899583202931
7899583202955
7899583202979
7899583203747
7899583203761
7899583203808
7899620913066
7899652100212
7899652100762
7899652102025
7899674022011
7899674027467
7899674027504
7899674035561
7899700800804
7899700801016
7899700801023
7899700801030
7899700801047
7899700801054
7899700802068
7899706124959
7899706126335
7899706129602
7899706132985
7899706134156
7899706134170
7899706134231
7899706135795
7899706145190
7899706149570
7899706149594
7899706149822
7899706152860
7899706159173
7899706159197
7899706159258
7899706159272
7899706159333
7899706164337
7899706170819
7899706170833
7899706170857
7899706170871
7899706170895
7899706170918
7899706171588
7899706171601
7899706172745
7899706178167
7899706178204
7899706178341
7899706180924
7899706181716
7899706181730
7899706181754
7899706184960
7899706185011
7899706185028
7899706185745
7899706185769
7899706185783
7899706185844
7899706185905
7899706186179
7899706186698
7899706187343
7899706187367
7899706187404
7899706187428
7899706187466
7899706187480
7899706188173
7899706188302
7899706190145
7899706190657
7899706192019
7899706192958
7899706195027
7899706196284
7899706196291
7899706196987
7899706197106
7899706197489
7899706197502
7899706197526
7899706197564
7899706197588
7899706197601
7899706197649
7899706198004
7899706208482
7899706237932
7899706237956
7899706237970
7899706237994
7899706238014
7899706238038
7899706239189
7899706239288
7899706239318
7899706239349
7899706239370
7899706239400
7899706239431
7899706244008
7899706244060
7899706244084
7899706244107
7899706244121
7899706251068
7899820812633
7899852017211
7899852018102
7899852018119
7899852018126
7899852018164
7899852018188
7899852018195
7899852018201
7899852018218
7899852018225
7899852018232
7899852018249
7899852018256
7899852018263
7899852018270
7899852018287
7899852018294
7899852018317
7899852018782
7899852018799
7899852018805
7899852019048
7899852019062
7899852019123
7899852019369
7899852019376
7899852019383
7899852019390
7899852019406
7899852019840
7899852020051
7899852020068
7899852020075
7899852020181
7899852020198
7899852020204
7899852020211
7899852020327
7899852020334
7899852020518
7899852020525
7899852020549
7899852020563
7899852020617
7899852020952
7899852021041
7899852021065
7899852021287
7899852021294
7899852021300
7899852021317
7899852021324
7899852021331
7899852021362
7899852021379
7899852021386
7899852021539
7899852021553
7899852021638
7899852021867
7899852021881
7899852021898
7899852021904
7899852022031
7899852022116
7899852022208
7899852022215
7899852022222
7899852022239
7899852022246
7899852022277
7899852022284
7899852022291
7899852022307
7899852022321
7899852022376
7899852022383
7899852022420
7899852022444
7899852022451
7899852022505
7899852022635
7899852022642
7899852022659
7899852022673
7899852022703
7899852022840
7899852022949
7899852022956
7899852023151
7899852023175
7899852023199
7899852023205
7899852024035
7899852024080
7899852024202
7899852024233
7899852024363
7899852024837
7899852025001
7899852025124
7899852025186
7899852025223
7899852025780
7899852026060
7899852026930
7899956880780
7900083001143
7900083001150
7900083003451
7900083014181
7908082303329
7908103706696
7908209801882
7908324404463
7908324404470
7908324404487
7908324405606
7908458303588
7908458303595
7908458304523
7908458304547
7908458306817
7908458307456
7908458308514
7908458316625
7908458316779
7908458316908
7908458316922
7908458317646
7908458317851
7908458317875
7908458318018
7908458320233
7908458320608
7908458321711
7908458321902
7908458321926
7908458321933
7908458321940
7908458321964
7908458321988
7908458321995
7908458322008
7908458322015
7908458322022
7908458322039
7908458322046
7908458322053
7908458322060
7908458322077
7908458322084
7908458322091
7908458322343
7908458322350
7908458322367
7908458322374
7908458322381
7908458322411
7908458322428
7908458322473
7908458322480
7908458322572
7908458322596
7908458324361
7908458324378
7908458324477
7908458324484
7908458325450
7908458325467
7908458325504
7908458325511
7908458325726
7908458325733
7908458326082
7908458326099
7908458326105
7908458326112
7908458326129
7908458326136
7908458326150
7908458326167
7908458326174
7908458326181
7908458326198
7908458326204
7908458326211
7908458326228
7908458326235
7908458326242
7908458326259
7908458326266
7908458326273
7908458326280
7908458326297
7908458326303
7908458326327
7908458326334
7908458326365
7908458326396
7908458326471
7908458326501
7908458326532
7908458326549
7908458326709
7908458326716
7908458326761
7908458326778
7908458326785
7908458327805
7908458327898
7908458328734
7908458328741
7908458328826
7908458328840
7908458328857
7908458328925
7908458328949
7908458329236
7908458329267
7908615000169
7908615012049
7908615017211
7908615017297
7908615031453
7908615031484
7908615031514
7908615053110
7908615055145
7908615055169
7908615055183
7908615059983
7908615060347
7908615060385
7908615060606
7908615062372
7908615062396
7908615062419
7908615062433
7908615062457
7908615062471
7908615062518
7908615085418
7908615088945
7908615088969
7908615088983
7908615090504
7908615090566
7908615090740
7908785412229
7908785412250
7908785412281
7908785412311
7908785412342
7908785412373
7908785412403
7908785412434
7908785412465
7908785422075
7908785422099
7908785422136
7908785422150
7908785461456
7908785461500
7908785461555
7908785461609
7908785461654
7908785461708
7908785461753
7908785484974
7908785485025
7908785485179
7908785485223
810508000507
810508000514
8429420079632
8429420200678
8710103962335
8718951456440
8720689012676
8720689013765